wall_following_error:
	min_distance: 0.1
	max_distance: 30.0
	min_angle: -45.0
	max_angle: 225.0
	angle_increment: 0.00436515314505*180/3.14159265358979323846
	lookahead_distance: 0.1
	theta: 45
	desired_distance: 0.5
	follow_method: "left"

wall_following_pid:
	kp: -60.0
	kd: 0.0
	max_speed: 1.5
	med_speed: 1.0
	min_speed: 0.5
	max_speed_threshold: 10*3.14159265358979323846/180
	med_speed_threshold: 20*3.14159265358979323846/180
